当识别到的结果为：
10u	-104.1n	401.5u	601.6u	1.95m	-4n
28.15u	0.003u	0.002u	0.028u	-4n	50.1n
-7.2u	15.0n	-0.8m	3.33u	120.5n	2.5m
0.45u	-12.6n	999.9n	1.200m	-0.004u	75u
3.0m	-1.25u	0.06u	-500n	8.88u	-2.2m

1. 若用户选择分离单位和数字，并统一单位为u，那么结果应该是：
10	-0.1041	401.5	601.6	1950	-0.004	u
28.15	0.003	0.002	0.028	-0.004	0.0501	u
-7.2	0.015	-800	3.33	0.1205	2500	u
0.45	-0.0126	0.9999	1200	-0.004	75	u
3000	-1.25	0.06	-0.5	8.88	-2200	u

1.1 若用户选择copy数值，那么copy的结果应该是：
10	-0.1041	401.5	601.6	1950	-0.004
28.15	0.003	0.002	0.028	-0.004	0.0501
-7.2	0.015	-800	3.33	0.1205	2500
0.45	-0.0126	0.9999	1200	-0.004	75
3000	-1.25	0.06	-0.5	8.88	-2200

1.2 若用户选择copy单位，那么copy的结果应该是：
u
u
u
u
u

1.3 若用户选择copy数值和单位，那么copy的结果应该是：
10	-0.1041	401.5	601.6	1950	-0.004	u
28.15	0.003	0.002	0.028	-0.004	0.0501	u
-7.2	0.015	-800	3.33	0.1205	2500	u
0.45	-0.0126	0.9999	1200	-0.004	75	u
3000	-1.25	0.06	-0.5	8.88	-2200	u

2. 若用户同时限制了<5n的值转换为-，那么结果应该是：
10	-0.1041	401.5	601.6	1950	-	u
28.15	-	-	0.028	-	0.0501	u
-7.2	0.015	-800	3.33	0.1205	2500	u
0.45	-0.0126	0.9999	1200	-	75	u
3000	-1.25	0.06	-0.5	8.88	-2200	u

3. 如果用户选择科学计数法，那么结果应该是：
1.00E-05	-1.04E-07	4.02E-04	6.02E-04	1.95E-03	-4.00E-09
2.82E-05	3.00E-09	2.00E-09	2.80E-08	-4.00E-09	5.01E-08
-7.20E-06	1.50E-08	-8.00E-04	3.33E-06	1.21E-07	2.50E-03
4.50E-07	-1.26E-08	1.00E-06	1.20E-03	-4.00E-09	7.50E-05
3.00E-03	-1.25E-06	6.00E-08	-5.00E-07	8.88E-06	-2.20E-03

4. 如果用户选择工程计数法，那么结果应该是：
10.00E-06	-104.1E-09	401.5E-06	601.6E-06	1.950E-03	-4.000E-09
28.15E-06	3.000E-09	2.000E-09	28.00E-09	-4.000E-09	50.10E-09
-7.200E-06	15.00E-09	-800.0E-06	3.330E-06	120.5E-09	2.500E-03
450.0E-09	-12.60E-09	999.9E-09	1.200E-03	-4.000E-09	75.00E-06
3.000E-03	-1.250E-06	60.00E-09	-500.0E-09	8.880E-06	-2.200E-03

当识别到的结果为科学计数法时，例如
1.00E-05	-1.04E-07	4.02E-04	6.02E-04	1.95E-03	-4.00E-09
2.82E-05	3.00E-09	2.00E-09	2.80E-08	-4.00E-09	5.01E-08
-7.20E-06	1.50E-08	-8.00E-04	3.33E-06	1.21E-07	2.50E-03
4.50E-07	-1.26E-08	1.00E-06	1.20E-03	-4.00E-09	7.50E-05
3.00E-03	-1.25E-06	6.00E-08	-5.00E-07	8.88E-06	-2.20E-03

也要能支持以上的1234功能
